0 1 224
0 2 480
0 3 480
1 0 224
2 0 480
2 8 72
2 9 72
3 0 480
3 4 193
3 7 160
3 10 193
4 3 193
4 5 288
4 7 229
4 10 380
5 4 288
5 6 190
5 7 248
6 5 190 
6 7 160
6 11 190
7 3 193
7 4 229
7 5 248
7 6 160
7 10 229
7 11 248
8 2 72
8 9 64
9 2 72
9 8 64
10 3 193
10 4 380
10 7 229
10 11 288
11 6 190
11 7 248
11 10 288